1  06     33,145,121 32,682,794 32,217,708 31,780,829 31,493,525 31,317,179 31,147,208 30,875,920 30,414,114 29,950,111 29,811,427 California                        
1  06001   1,415,582  1,397,050  1,372,202  1,351,804  1,340,267  1,336,359  1,334,736  1,328,589  1,315,144  1,305,802  1,304,347 Alameda County                    
1  06003       1,161      1,192      1,212      1,239      1,227      1,184      1,185      1,147      1,158      1,106      1,113 Alpine County                     
1  06005      34,153     33,415     33,423     33,214     32,976     32,693     32,285     31,854     31,262     30,289     30,039 Amador County                     
1  06007     195,220    194,347    193,061    192,116    192,543    191,811    190,670    188,905    186,851    183,497    182,120 Butte County                      
1  06009      40,051     39,642     39,144     38,476     37,729     37,097     35,945     35,221     34,030     32,539     31,998 Calaveras County                  
1  06011      18,844     18,596     18,425     18,033     17,679     17,331     17,056     16,882     16,596     16,340     16,275 Colusa County                     
1  06013     933,141    917,970    899,494    881,213    869,437    859,872    850,732    838,364    822,332    809,199    803,731 Contra Costa County               
1  06015      26,477     27,006     27,186     26,864     26,726     27,063     26,833     26,601     25,849     23,984     23,460 Del Norte County                  
1  06017     161,358    158,322    154,798    151,257    148,185    144,961    141,771    137,444    133,480    128,095    125,995 El Dorado County                  
1  06019     763,069    755,051    750,640    743,479    734,615    727,869    717,746    703,846    688,511    671,660    667,479 Fresno County                     
1  06021      26,328     26,176     26,214     26,111     26,008     25,783     25,642     25,509     25,199     24,916     24,798 Glenn County                      
1  06023     121,358    122,163    122,639    122,421    122,814    121,480    122,234    121,751    120,612    119,596    119,118 Humboldt County                   
1  06025     145,287    143,735    142,155    140,921    139,418    136,248    134,624    127,533    117,663    110,930    109,303 Imperial County                   
1  06027      17,958     18,071     18,273     18,338     18,420     18,450     18,346     18,374     18,321     18,273     18,281 Inyo County                       
1  06029     642,495    631,615    624,577    618,020    612,897    608,858    597,880    586,745    569,829    549,219    544,981 Kern County                       
1  06031     123,241    118,667    114,344    113,329    112,076    110,146    107,978    106,510    104,357    101,809    101,469 Kings County                      
1  06033      55,405     55,076     54,842     55,098     55,230     55,243     54,839     53,919     52,802     51,106     50,631 Lake County                       
1  06035      33,028     33,281     33,432     31,270     28,296     28,062     28,231     27,973     28,038     27,653     27,598 Lassen County                     
1  06037   9,329,989  9,223,807  9,126,131  9,056,547  9,029,470  9,048,129  9,064,197  9,021,867  8,931,985  8,875,317  8,863,052 Los Angeles County                
1  06039     116,760    114,523    112,440    109,751    106,535    105,181    102,681     98,751     95,042     89,014     88,090 Madera County                     
1  06041     236,768    236,377    234,518    232,489    233,943    234,777    234,606    233,528    232,088    230,263    230,096 Marin County                      
1  06043      15,605     15,786     15,559     15,836     15,652     15,553     15,439     15,242     14,862     14,412     14,302 Mariposa County                   
1  06045      84,085     83,754     83,268     82,930     82,483     81,791     81,629     81,645     81,543     80,820     80,345 Mendocino County                  
1  06047     200,746    197,261    193,893    190,991    192,175    195,205    191,195    188,184    185,381    179,812    178,403 Merced County                     
1  06049       9,210      9,338      9,603      9,642      9,578      9,682      9,590      9,775      9,693      9,668      9,678 Modoc County                      
1  06051      10,512     10,307     10,410     10,400     10,488     10,559     10,260      9,933      9,806     10,075      9,956 Mono County                       
1  06053     371,756    366,631    358,888    347,292    343,082    342,872    362,913    366,296    361,559    356,947    355,660 Monterey County                   
1  06055     120,962    119,540    117,944    116,387    115,320    114,956    114,034    113,631    111,897    111,215    110,765 Napa County                       
1  06057      92,014     91,114     89,981     88,579     87,105     85,644     84,221     83,131     81,419     79,185     78,510 Nevada County                     
1  06059   2,760,948  2,723,782  2,665,599  2,606,488  2,572,393  2,541,371  2,513,289  2,483,337  2,445,044  2,417,569  2,410,668 Orange County                     
1  06061     239,485    229,216    220,477    213,335    205,963    198,429    192,007    186,799    181,342    175,421    172,796 Placer County                     
1  06063      20,370     20,362     20,429     20,414     20,518     20,540     20,745     20,612     20,095     19,811     19,739 Plumas County                     
1  06065   1,530,653  1,480,708  1,439,674  1,406,769  1,383,646  1,354,966  1,321,304  1,290,328  1,248,277  1,193,639  1,170,413 Riverside County                  
1  06067   1,184,586  1,166,699  1,152,550  1,141,118  1,128,394  1,119,846  1,119,353  1,114,853  1,103,715  1,075,309  1,066,789 Sacramento County                 
1  06069      51,276     48,984     46,639     44,089     42,267     40,728     39,443     38,283     37,305     36,828     36,697 San Benito County                 
1  06071   1,669,934  1,635,967  1,609,221  1,588,541  1,569,793  1,553,732  1,545,508  1,532,114  1,491,021  1,437,012  1,418,380 San Bernardino County             
1  06073   2,820,844  2,766,123  2,722,060  2,673,685  2,641,561  2,626,939  2,609,266  2,601,147  2,554,271  2,513,216  2,498,016 San Diego County                  
1  06075     746,777    745,756    740,993    735,228    730,628    729,051    729,746    727,291    725,237    722,749    723,959 San Francisco County              
1  06077     563,183    549,684    539,997    531,560    523,653    516,797    509,810    503,293    494,221    484,360    480,628 San Joaquin County                
1  06079     236,953    234,074    231,426    228,546    225,664    223,264    221,030    220,353    219,091    218,117    217,162 San Luis Obispo County            
1  06081     702,102    701,080    695,689    685,365    677,837    673,139    667,971    661,529    654,577    650,050    649,623 San Mateo County                  
1  06083     391,071    389,472    386,789    382,215    381,289    381,528    378,009    376,523    374,051    370,420    369,608 Santa Barbara County              
1  06085   1,647,419  1,641,848  1,621,660  1,593,625  1,566,760  1,550,060  1,539,465  1,523,971  1,508,020  1,497,644  1,497,577 Santa Clara County                
1  06087     245,201    243,200    238,862    235,633    234,717    234,059    232,600    230,983    228,984    229,385    229,734 Santa Cruz County                 
1  06089     164,530    164,156    162,603    161,327    160,510    159,684    158,520    157,319    154,034    148,660    147,036 Shasta County                     
1  06091       3,334      3,376      3,369      3,396      3,380      3,329      3,344      3,288      3,318      3,320      3,318 Sierra County                     
1  06093      43,570     44,024     44,264     44,058     44,221     43,972     43,804     44,056     43,917     43,713     43,531 Siskiyou County                   
1  06095     385,723    376,748    371,063    366,408    364,191    365,383    364,148    359,849    354,889    343,460    339,469 Solano County                     
1  06097     439,970    433,777    426,438    419,268    414,688    410,123    406,467    402,387    396,592    390,152    388,222 Sonoma County                     
1  06099     436,790    426,872    419,446    413,484    408,919    405,152    400,923    394,159    385,831    375,259    370,522 Stanislaus County                 
1  06101      78,423     77,069     76,450     75,366     74,354     72,697     70,717     69,204     67,159     64,853     64,409 Sutter County                     
1  06103      54,012     54,016     53,816     53,863     53,771     52,945     52,143     51,904     51,025     49,873     49,625 Tehama County                     
1  06105      12,927     13,043     13,162     13,382     13,436     13,479     13,213     13,171     13,087     13,051     13,063 Trinity County                    
1  06107     358,470    354,527    350,192    346,607    344,633    342,838    337,107    330,451    322,884    313,897    311,932 Tulare County                     
1  06109      53,764     53,029     52,338     52,173     51,564     51,877     51,442     50,543     50,105     48,837     48,456 Tuolumne County                   
1  06111     745,063    732,143    722,156    710,920    703,990    698,901    690,066    684,004    675,485    670,132    669,016 Ventura County                    
1  06113     155,573    153,293    151,496    149,077    147,399    145,796    144,980    144,364    143,853    141,991    141,212 Yolo County                       
1  06115      59,607     59,953     60,154     60,842     61,012     61,695     61,290     60,655     59,375     58,642     58,234 Yuba County                       
 
                                                                                                                                                                                                        
 
Block 2: Population Age 65 and Over

2  06      3,647,530  3,611,155  3,568,101  3,519,182  3,458,314  3,390,716  3,337,842  3,267,529  3,203,954  3,135,385  3,114,820 California                        
2  06001     149,073    148,824    148,306    147,739    146,184    144,497    143,124    140,831    138,681    136,522    135,951 Alameda County                    
2  06003          56         64         72         68         73         71         71         78         82         82         79 Alpine County                     
2  06005       6,177      6,101      6,021      6,038      5,959      5,867      5,763      5,620      5,505      5,326      5,293 Amador County                     
2  06007      31,819     31,894     31,924     32,144     32,261     32,250     32,165     32,053     31,744     31,494     31,314 Butte County                      
2  06009       7,000      6,938      6,867      6,683      6,452      6,310      6,126      5,962      5,846      5,676      5,615 Calaveras County                  
2  06011       2,162      2,161      2,165      2,136      2,164      2,171      2,158      2,136      2,092      2,071      2,069 Colusa County                     
2  06013     107,273    105,901    104,349    102,751    100,336     98,000     95,790     93,130     90,480     87,835     87,054 Contra Costa County               
2  06015       3,320      3,335      3,348      3,311      3,272      3,279      3,266      3,206      3,118      3,045      3,022 Del Norte County                  
2  06017      20,072     19,724     19,354     18,881     18,406     17,929     17,356     16,731     16,066     15,085     14,824 El Dorado County                  
2  06019      78,771     78,095     77,365     76,752     75,883     74,487     73,759     72,231     70,811     69,269     68,774 Fresno County                     
2  06021       3,473      3,525      3,573      3,587      3,604      3,629      3,625      3,600      3,556      3,485      3,457 Glenn County                      
2  06023      15,429     15,437     15,430     15,427     15,438     15,312     15,195     15,069     14,995     14,661     14,567 Humboldt County                   
2  06025      14,219     13,956     13,698     13,515     13,180     12,759     12,522     12,014     11,572     11,063     10,972 Imperial County                   
2  06027       3,260      3,310      3,358      3,417      3,461      3,470      3,469      3,455      3,420      3,375      3,353 Inyo County                       
2  06029      60,495     59,938     59,308     58,914     58,348     57,401     56,556     55,209     54,142     52,711     52,313 Kern County                       
2  06031       8,910      8,862      8,797      8,712      8,633      8,482      8,362      8,186      8,044      7,840      7,784 Kings County                      
2  06033      10,980     11,109     11,222     11,284     11,426     11,534     11,660     11,572     11,559     11,437     11,388 Lake County                       
2  06035       2,883      2,903      2,921      2,907      2,903      2,885      2,901      2,922      2,893      2,852      2,822 Lassen County                     
2  06037     968,968    962,486    953,284    944,350    930,619    913,244    904,405    887,244    871,248    856,454    852,467 Los Angeles County                
2  06039      15,100     14,739     14,367     13,830     13,238     12,757     12,259     11,837     11,415     10,883     10,691 Madera County                     
2  06041      32,633     32,485     32,288     31,864     31,341     30,795     30,306     29,565     28,937     28,199     28,006 Marin County                      
2  06043       2,842      2,812      2,777      2,740      2,681      2,641      2,628      2,542      2,501      2,514      2,490 Mariposa County                   
2  06045      11,599     11,605     11,600     11,655     11,592     11,513     11,475     11,290     11,099     10,918     10,832 Mendocino County                  
2  06047      17,983     17,943     17,862     17,746     17,679     17,379     17,407     17,077     16,777     16,449     16,373 Merced County                     
2  06049       1,610      1,629      1,647      1,644      1,651      1,640      1,666      1,666      1,646      1,637      1,622 Modoc County                      
2  06051         751        729        708        724        710        690        673        658        637        622        615 Mono County                       
2  06053      40,794     40,378     39,928     39,345     38,570     37,834     37,023     36,123     35,199     34,543     34,337 Monterey County                   
2  06055      20,369     20,225     20,064     19,976     19,599     19,494     19,192     18,944     18,683     18,369     18,273 Napa County                       
2  06057      16,731     16,727     16,711     16,544     16,339     15,884     15,505     15,100     14,812     14,349     14,210 Nevada County                     
2  06059     279,140    273,483    267,331    260,707    253,202    246,126    240,406    233,540    227,758    221,536    219,790 Orange County                     
2  06061      28,733     27,262     25,751     24,485     23,159     21,972     21,498     21,123     20,953     20,740     20,575 Placer County                     
2  06063       3,477      3,523      3,568      3,626      3,642      3,573      3,497      3,500      3,420      3,331      3,315 Plumas County                     
2  06065     188,276    185,120    181,655    178,736    175,393    171,657    167,954    163,759    159,846    155,143    153,551 Riverside County                  
2  06067     135,259    133,156    130,872    128,715    126,187    123,227    120,335    117,323    114,850    112,120    111,212 Sacramento County                 
2  06069       4,327      4,303      4,265      4,153      4,053      3,980      3,859      3,757      3,692      3,615      3,605 San Benito County                 
2  06071     145,866    144,367    142,681    140,786    138,193    135,540    132,944    130,544    128,226    124,989    123,998 San Bernardino County             
2  06073     323,425    320,247    316,673    307,292    301,060    295,395    290,610    284,742    280,016    273,617    271,852 San Diego County                  
2  06075     113,893    113,310    112,535    112,089    111,224    109,486    108,156    106,404    105,215    104,323    104,003 San Francisco County              
2  06077      60,412     59,844     59,202     58,763     57,813     56,970     56,193     55,231     54,476     53,502     53,106 San Joaquin County                
2  06079      35,476     35,182     34,855     34,331     33,638     33,032     32,440     31,968     31,408     30,802     30,618 San Luis Obispo County            
2  06081      92,345     91,959     91,381     90,927     89,407     87,725     85,931     83,847     81,958     79,930     79,322 San Mateo County                  
2  06083      51,664     51,378     51,042     50,333     49,367     48,739     47,928     47,069     46,409     45,619     45,357 Santa Barbara County              
2  06085     167,709    165,284    162,348    158,952    154,221    148,891    144,591    139,475    134,737    130,229    129,195 Santa Clara County                
2  06087      25,555     25,655     25,722     25,782     25,871     25,921     25,858     25,797     25,612     25,726     25,710 Santa Cruz County                 
2  06089      24,186     23,924     23,640     23,317     23,059     22,659     22,297     21,907     21,458     20,832     20,605 Shasta County                     
2  06091         591        585        578        571        589        591        593        586        581        584        590 Sierra County                     
2  06093       7,527      7,537      7,544      7,532      7,539      7,535      7,451      7,407      7,269      7,147      7,096 Siskiyou County                   
2  06095      35,842     34,917     33,962     32,961     32,240     31,316     30,514     29,603     28,801     27,910     27,584 Solano County                     
2  06097      57,204     57,046     56,826     56,570     55,790     55,140     54,430     53,717     53,128     52,175     51,912 Sonoma County                     
2  06099      46,334     45,626     44,842     44,494     43,894     43,211     42,583     41,735     41,032     40,122     39,813 Stanislaus County                 
2  06101       9,431      9,208      8,972      8,848      8,622      8,423      8,276      8,050      7,846      7,647      7,559 Sutter County                     
2  06103       8,629      8,639      8,644      8,704      8,682      8,602      8,573      8,545      8,484      8,367      8,300 Tehama County                     
2  06105       2,134      2,142      2,147      2,137      2,113      2,056      2,007      2,000      1,961      1,928      1,923 Trinity County                    
2  06107      35,622     35,555     35,439     35,402     35,294     35,169     34,850     34,513     34,159     33,743     33,539 Tulare County                     
2  06109       9,516      9,451      9,375      9,232      9,083      8,980      8,795      8,646      8,368      8,091      7,988 Tuolumne County                   
2  06111      78,161     76,737     75,251     73,570     71,731     69,697     68,257     66,286     64,644     63,049     62,614 Ventura County                    
2  06113      15,615     15,414     15,183     14,938     14,761     14,479     14,244     14,132     13,870     13,645     13,406 Yolo County                       
2  06115       6,429      6,466      6,503      6,545      6,485      6,420      6,365      6,272      6,217      6,157      6,115 Yuba County                       
 
                                                                                                                                                                                                        
 
Block 3: Population Under Age 65

3  06     29,497,591 29,071,639 28,649,607 28,261,647 28,035,211 27,926,463 27,809,366 27,608,391 27,210,160 26,814,726 26,696,607 California                        
3  06001   1,266,509  1,248,226  1,223,896  1,204,065  1,194,083  1,191,862  1,191,612  1,187,758  1,176,463  1,169,280  1,168,396 Alameda County                    
3  06003       1,105      1,128      1,140      1,171      1,154      1,113      1,114      1,069      1,076      1,024      1,034 Alpine County                     
3  06005      27,976     27,314     27,402     27,176     27,017     26,826     26,522     26,234     25,757     24,963     24,746 Amador County                     
3  06007     163,401    162,453    161,137    159,972    160,282    159,561    158,505    156,852    155,107    152,003    150,806 Butte County                      
3  06009      33,051     32,704     32,277     31,793     31,277     30,787     29,819     29,259     28,184     26,863     26,383 Calaveras County                  
3  06011      16,682     16,435     16,260     15,897     15,515     15,160     14,898     14,746     14,504     14,269     14,206 Colusa County                     
3  06013     825,868    812,069    795,145    778,462    769,101    761,872    754,942    745,234    731,852    721,364    716,677 Contra Costa County               
3  06015      23,157     23,671     23,838     23,553     23,454     23,784     23,567     23,395     22,731     20,939     20,438 Del Norte County                  
3  06017     141,286    138,598    135,444    132,376    129,779    127,032    124,415    120,713    117,414    113,010    111,171 El Dorado County                  
3  06019     684,298    676,956    673,275    666,727    658,732    653,382    643,987    631,615    617,700    602,391    598,705 Fresno County                     
3  06021      22,855     22,651     22,641     22,524     22,404     22,154     22,017     21,909     21,643     21,431     21,341 Glenn County                      
3  06023     105,929    106,726    107,209    106,994    107,376    106,168    107,039    106,682    105,617    104,935    104,551 Humboldt County                   
3  06025     131,068    129,779    128,457    127,406    126,238    123,489    122,102    115,519    106,091     99,867     98,331 Imperial County                   
3  06027      14,698     14,761     14,915     14,921     14,959     14,980     14,877     14,919     14,901     14,898     14,928 Inyo County                       
3  06029     582,000    571,677    565,269    559,106    554,549    551,457    541,324    531,536    515,687    496,508    492,668 Kern County                       
3  06031     114,331    109,805    105,547    104,617    103,443    101,664     99,616     98,324     96,313     93,969     93,685 Kings County                      
3  06033      44,425     43,967     43,620     43,814     43,804     43,709     43,179     42,347     41,243     39,669     39,243 Lake County                       
3  06035      30,145     30,378     30,511     28,363     25,393     25,177     25,330     25,051     25,145     24,801     24,776 Lassen County                     
3  06037   8,361,021  8,261,321  8,172,847  8,112,197  8,098,851  8,134,885  8,159,792  8,134,623  8,060,737  8,018,863  8,010,585 Los Angeles County                
3  06039     101,660     99,784     98,073     95,921     93,297     92,424     90,422     86,914     83,627     78,131     77,399 Madera County                     
3  06041     204,135    203,892    202,230    200,625    202,602    203,982    204,300    203,963    203,151    202,064    202,090 Marin County                      
3  06043      12,763     12,974     12,782     13,096     12,971     12,912     12,811     12,700     12,361     11,898     11,812 Mariposa County                   
3  06045      72,486     72,149     71,668     71,275     70,891     70,278     70,154     70,355     70,444     69,902     69,513 Mendocino County                  
3  06047     182,763    179,318    176,031    173,245    174,496    177,826    173,788    171,107    168,604    163,363    162,030 Merced County                     
3  06049       7,600      7,709      7,956      7,998      7,927      8,042      7,924      8,109      8,047      8,031      8,056 Modoc County                      
3  06051       9,761      9,578      9,702      9,676      9,778      9,869      9,587      9,275      9,169      9,453      9,341 Mono County                       
3  06053     330,962    326,253    318,960    307,947    304,512    305,038    325,890    330,173    326,360    322,404    321,323 Monterey County                   
3  06055     100,593     99,315     97,880     96,411     95,721     95,462     94,842     94,687     93,214     92,846     92,492 Napa County                       
3  06057      75,283     74,387     73,270     72,035     70,766     69,760     68,716     68,031     66,607     64,836     64,300 Nevada County                     
3  06059   2,481,808  2,450,299  2,398,268  2,345,781  2,319,191  2,295,245  2,272,883  2,249,797  2,217,286  2,196,033  2,190,878 Orange County                     
3  06061     210,752    201,954    194,726    188,850    182,804    176,457    170,509    165,676    160,389    154,681    152,221 Placer County                     
3  06063      16,893     16,839     16,861     16,788     16,876     16,967     17,248     17,112     16,675     16,480     16,424 Plumas County                     
3  06065   1,342,377  1,295,588  1,258,019  1,228,033  1,208,253  1,183,309  1,153,350  1,126,569  1,088,431  1,038,496  1,016,862 Riverside County                  
3  06067   1,049,327  1,033,543  1,021,678  1,012,403  1,002,207    996,619    999,018    997,530    988,865    963,189    955,577 Sacramento County                 
3  06069      46,949     44,681     42,374     39,936     38,214     36,748     35,584     34,526     33,613     33,213     33,092 San Benito County                 
3  06071   1,524,068  1,491,600  1,466,540  1,447,755  1,431,600  1,418,192  1,412,564  1,401,570  1,362,795  1,312,023  1,294,382 San Bernardino County             
3  06073   2,497,419  2,445,876  2,405,387  2,366,393  2,340,501  2,331,544  2,318,656  2,316,405  2,274,255  2,239,599  2,226,164 San Diego County                  
3  06075     632,884    632,446    628,458    623,139    619,404    619,565    621,590    620,887    620,022    618,426    619,956 San Francisco County              
3  06077     502,771    489,840    480,795    472,797    465,840    459,827    453,617    448,062    439,745    430,858    427,522 San Joaquin County                
3  06079     201,477    198,892    196,571    194,215    192,026    190,232    188,590    188,385    187,683    187,315    186,544 San Luis Obispo County            
3  06081     609,757    609,121    604,308    594,438    588,430    585,414    582,040    577,682    572,619    570,120    570,301 San Mateo County                  
3  06083     339,407    338,094    335,747    331,882    331,922    332,789    330,081    329,454    327,642    324,801    324,251 Santa Barbara County              
3  06085   1,479,710  1,476,564  1,459,312  1,434,673  1,412,539  1,401,169  1,394,874  1,384,496  1,373,283  1,367,415  1,368,382 Santa Clara County                
3  06087     219,646    217,545    213,140    209,851    208,846    208,138    206,742    205,186    203,372    203,659    204,024 Santa Cruz County                 
3  06089     140,344    140,232    138,963    138,010    137,451    137,025    136,223    135,412    132,576    127,828    126,431 Shasta County                     
3  06091       2,743      2,791      2,791      2,825      2,791      2,738      2,751      2,702      2,737      2,736      2,728 Sierra County                     
3  06093      36,043     36,487     36,720     36,526     36,682     36,437     36,353     36,649     36,648     36,566     36,435 Siskiyou County                   
3  06095     349,881    341,831    337,101    333,447    331,951    334,067    333,634    330,246    326,088    315,550    311,885 Solano County                     
3  06097     382,766    376,731    369,612    362,698    358,898    354,983    352,037    348,670    343,464    337,977    336,310 Sonoma County                     
3  06099     390,456    381,246    374,604    368,990    365,025    361,941    358,340    352,424    344,799    335,137    330,709 Stanislaus County                 
3  06101      68,992     67,861     67,478     66,518     65,732     64,274     62,441     61,154     59,313     57,206     56,850 Sutter County                     
3  06103      45,383     45,377     45,172     45,159     45,089     44,343     43,570     43,359     42,541     41,506     41,325 Tehama County                     
3  06105      10,793     10,901     11,015     11,245     11,323     11,423     11,206     11,171     11,126     11,123     11,140 Trinity County                    
3  06107     322,848    318,972    314,753    311,205    309,339    307,669    302,257    295,938    288,725    280,154    278,393 Tulare County                     
3  06109      44,248     43,578     42,963     42,941     42,481     42,897     42,647     41,897     41,737     40,746     40,468 Tuolumne County                   
3  06111     666,902    655,406    646,905    637,350    632,259    629,204    621,809    617,718    610,841    607,083    606,402 Ventura County                    
3  06113     139,958    137,879    136,313    134,139    132,638    131,317    130,736    130,232    129,983    128,346    127,806 Yolo County                       
3  06115      53,178     53,487     53,651     54,297     54,527     55,275     54,925     54,383     53,158     52,485     52,119 Yuba County                       
 
                                                                                                                                                                                                        
 
Block 4: Births

4  06      5,227,258    522,160    523,712    531,990    545,292    558,891    580,029    588,764    613,922    610,644    151,854 California                        
4  06001     199,318     20,500     20,459     20,811     20,413     21,111     21,729     22,266     23,173     23,214      5,642 Alameda County                    
4  06003          92          8          8          8          9          9          7         11         16         13          3 Alpine County                     
4  06005       2,594        267        272        272        278        266        272        305        284        291         87 Amador County                     
4  06007      23,083      2,339      2,255      2,385      2,548      2,509      2,507      2,555      2,680      2,619        686 Butte County                      
4  06009       3,312        292        323        298        349        414        368        345        401        406        116 Calaveras County                  
4  06011       2,867        282        313        288        309        345        314        323        338        288         67 Colusa County                     
4  06013     116,698     12,112     12,135     12,324     12,334     12,437     12,525     12,693     13,231     13,369      3,538 Contra Costa County               
4  06015       3,206        331        320        337        303        343        330        383        347        411        101 Del Norte County                  
4  06017      16,360      1,632      1,630      1,667      1,692      1,783      1,802      1,796      1,864      2,004        490 El Dorado County                  
4  06019     141,269     14,357     14,182     14,629     14,652     15,374     15,952     16,136     16,397     15,771      3,819 Fresno County                     
4  06021       4,164        424        446        433        435        459        420        466        479        481        121 Glenn County                      
4  06023      14,680      1,449      1,468      1,478      1,513      1,563      1,703      1,563      1,692      1,775        476 Humboldt County                   
4  06025      24,737      2,420      2,461      2,471      2,612      2,630      2,851      2,878      2,960      2,839        615 Imperial County                   
4  06027       2,062        218        189        222        235        221        217        209        236        254         61 Inyo County                       
4  06029     112,484     11,252     11,382     11,477     11,683     12,144     12,781     12,783     13,135     12,748      3,099 Kern County                       
4  06031      20,577      2,150      2,136      2,193      2,199      2,209      2,227      2,345      2,301      2,283        534 Kings County                      
4  06033       6,019        571        561        582        623        676        644        652        802        726        182 Lake County                       
4  06035       2,906        300        313        306        303        297        321        320        308        348         90 Lassen County                     
4  06037   1,676,786    162,706    162,592    165,772    172,381    177,581    186,620    192,330    203,289    203,290     50,225 Los Angeles County                
4  06039      18,398      2,021      2,000      2,063      1,963      1,983      1,973      1,987      2,044      1,884        480 Madera County                     
4  06041      25,563      2,576      2,646      2,629      2,638      2,677      2,772      2,833      3,045      2,965        782 Marin County                      
4  06043       1,505        137        143        140        144        172        174        172        181        199         43 Mariposa County                   
4  06045      10,193        986      1,020      1,006      1,058      1,159      1,121      1,103      1,208      1,206        326 Mendocino County                  
4  06047      37,222      3,578      3,624      3,646      3,820      4,137      4,344      4,292      4,327      4,365      1,089 Merced County                     
4  06049       1,032         98         95        100        129        122        137         93        105        116         37 Modoc County                      
4  06051       1,234        125        117        127        125        124        130        147        155        145         39 Mono County                       
4  06053      67,026      6,571      6,638      6,706      6,845      7,003      6,962      8,104      8,127      8,123      1,947 Monterey County                   
4  06055      14,068      1,500      1,500      1,531      1,438      1,530      1,546      1,573      1,505      1,580        365 Napa County                       
4  06057       7,874        770        783        787        838        807        897        884        897        939        272 Nevada County                     
4  06059     458,127     46,741     47,276     47,654     48,544     49,699     50,750     51,086     52,406     51,292     12,679 Orange County                     
4  06061      24,995      2,673      2,593      2,729      2,819      2,736      2,726      2,641      2,765      2,629        684 Placer County                     
4  06063       1,588        126        151        129        178        174        189        190        209        193         49 Plumas County                     
4  06065     225,623     22,773     23,496     23,225     23,880     24,444     25,541     24,728     25,923     25,459      6,154 Riverside County                  
4  06067     171,604     17,174     17,221     17,471     18,240     18,785     18,770     19,292     19,996     19,676      4,979 Sacramento County                 
4  06069       7,386        853        877        872        753        796        796        727        786        737        189 San Benito County                 
4  06071     285,899     28,474     28,442     29,024     29,742     30,666     32,246     32,037     33,570     33,330      8,368 San Bernardino County             
4  06073     434,438     43,203     43,401     44,021     45,490     46,369     49,102     49,245     50,772     50,150     12,685 San Diego County                  
4  06075      82,279      8,169      8,083      8,285      8,404      8,808      8,888      9,375      9,875      9,985      2,407 San Francisco County              
4  06077      84,945      8,512      8,650      8,665      8,951      9,219      9,365      9,371      9,872      9,852      2,488 San Joaquin County                
4  06079      24,733      2,515      2,442      2,568      2,552      2,708      2,680      2,631      2,864      3,010        763 San Luis Obispo County            
4  06081      94,992      9,920      9,832     10,095     10,042     10,190     10,352     10,465     10,616     10,842      2,638 San Mateo County                  
4  06083      57,628      5,647      5,731      5,764      6,024      6,093      6,658      6,490      6,783      6,736      1,702 Santa Barbara County              
4  06085     248,056     26,094     26,114     26,536     26,307     26,054     26,854     27,180     28,130     27,754      7,033 Santa Clara County                
4  06087      34,730      3,440      3,466      3,512      3,519      3,543      3,805      3,890      4,189      4,268      1,098 Santa Cruz County                 
4  06089      19,602      1,986      1,989      2,026      2,082      2,033      2,132      2,181      2,269      2,305        599 Shasta County                     
4  06091         174         16         14         17         15         23         22         17         25         18          7 Sierra County                     
4  06093       4,492        482        441        492        518        463        519        423        451        536        167 Siskiyou County                   
4  06095      55,200      5,433      5,462      5,525      5,803      5,834      6,102      6,234      6,550      6,567      1,690 Solano County                     
4  06097      52,221      5,378      5,375      5,489      5,395      5,552      5,639      5,661      6,062      6,087      1,583 Sonoma County                     
4  06099      67,833      6,885      6,844      7,024      7,237      7,299      7,547      7,434      7,668      7,956      1,939 Stanislaus County                 
4  06101      11,053      1,108      1,181      1,129      1,181      1,226      1,190      1,219      1,296      1,207        316 Sutter County                     
4  06103       6,632        638        639        652        690        761        781        747        746        787        191 Tehama County                     
4  06105       1,247        123        112        126        130        129        118        152        157        157         43 Trinity County                    
4  06107      66,772      6,937      7,017      7,082      7,170      7,293      7,377      7,513      7,255      7,391      1,737 Tulare County                     
4  06109       4,554        443        458        452        514        463        455        524        569        541        135 Tuolumne County                   
4  06111     111,208     11,317     11,264     11,550     11,920     11,967     12,186     12,181     12,863     12,734      3,226 Ventura County                    
4  06113      20,833      2,106      2,072      2,147      2,188      2,270      2,333      2,259      2,403      2,466        589 Yolo County                       
4  06115      11,085      1,022      1,058      1,041      1,135      1,209      1,260      1,324      1,325      1,327        384 Yuba County                       
 
                                                                                                                                                                                                        
 
Block 5: Deaths

5  06      2,039,044    225,723    224,071    222,870    225,650    221,067    223,794    216,219    215,497    212,920     51,233 California                        
5  06001      89,976      9,763      9,617      9,676      9,871      9,830      9,815      9,677      9,593      9,697      2,437 Alameda County                    
5  06003          47          6          9          7          5          4          5          3          6          2          0 Alpine County                     
5  06005       3,052        352        356        346        353        347        325        331        319        264         59 Amador County                     
5  06007      19,097      2,191      2,150      2,155      2,207      2,041      2,004      2,041      1,871      1,950        487 Butte County                      
5  06009       3,274        362        389        356        365        350        350        345        345        342         70 Calaveras County                  
5  06011       1,312        142        144        140        168        139        150        141        128        125         35 Colusa County                     
5  06013      56,777      6,598      6,515      6,464      6,385      6,117      6,063      5,803      5,632      5,866      1,334 Contra Costa County               
5  06015       2,156        254        251        255        213        242        262        223        198        199         59 Del Norte County                  
5  06017       8,911      1,015      1,057      1,001      1,052      1,001        952        841        878        886        228 El Dorado County                  
5  06019      47,612      5,196      5,129      5,142      5,393      5,243      5,410      4,985      5,113      4,866      1,135 Fresno County                     
5  06021       2,117        221        218        220        222        258        221        243        240        228         46 Glenn County                      
5  06023      10,357      1,109      1,154      1,083      1,158      1,073      1,160      1,130      1,124      1,094        272 Humboldt County                   
5  06025       7,607        856        867        830        841        787        831        806        773        828        188 Imperial County                   
5  06027       1,946        243        232        231        240        197        196        167        195        198         47 Inyo County                       
5  06029      39,666      4,492      4,436      4,454      4,533      4,230      4,281      4,136      4,136      4,017        951 Kern County                       
5  06031       6,089        674        690        656        734        661        701        583        654        591        145 Kings County                      
5  06033       7,122        789        742        777        809        769        809        764        725        774        164 Lake County                       
5  06035       1,617        186        194        185        185        143        179        163        176        165         41 Lassen County                     
5  06037     563,984     59,922     59,930     59,355     61,315     60,837     63,157     61,185     62,022     61,243     15,018 Los Angeles County                
5  06039       7,024        754        774        743        827        812        792        717        724        726        155 Madera County                     
5  06041      16,884      1,902      1,845      1,875      1,840      1,881      1,955      1,682      1,769      1,756        379 Marin County                      
5  06043       1,436        178        155        175        166        163        156        135        133        148         27 Mariposa County                   
5  06045       7,383        852        830        831        793        792        855        723        768        759        180 Mendocino County                  
5  06047      11,419      1,348      1,318      1,342      1,294      1,194      1,262      1,136      1,156      1,111        258 Merced County                     
5  06049         949        111        110        110        120         89        109         85         87         95         33 Modoc County                      
5  06051         318         41         47         40         40         23         31         28         32         29          7 Mono County                       
5  06053      20,869      2,267      2,272      2,235      2,331      2,327      2,221      2,279      2,130      2,273        534 Monterey County                   
5  06055      11,414      1,329      1,300      1,300      1,246      1,259      1,198      1,196      1,155      1,135        296 Napa County                       
5  06057       7,124        819        834        801        786        751        778        728        694        754        179 Nevada County                     
5  06059     142,260     16,287     16,233     16,004     15,529     15,300     15,518     14,837     14,629     14,421      3,502 Orange County                     
5  06061      13,871      1,656      1,646      1,623      1,629      1,485      1,458      1,373      1,346      1,345        310 Placer County                     
5  06063       1,787        214        214        211        224        173        179        198        169        170         35 Plumas County                     
5  06065      98,826     11,486     11,344     11,309     11,157     10,904     10,743     10,224      9,866      9,549      2,244 Riverside County                  
5  06067      76,162      8,669      8,559      8,639      8,616      8,319      8,285      7,701      7,717      7,819      1,838 Sacramento County                 
5  06069       2,224        231        243        228        272        224        265        232        222        246         61 San Benito County                 
5  06071      94,567     10,515     10,612     10,426     10,605     10,257     10,394      9,968      9,858      9,601      2,331 San Bernardino County             
5  06073     167,684     18,814     18,674     18,539     18,625     18,149     18,421     17,787     17,559     16,983      4,133 San Diego County                  
5  06075      70,269      7,063      6,895      6,964      7,587      7,738      7,762      8,033      8,114      8,176      1,937 San Francisco County              
5  06077      36,647      4,066      4,073      4,022      4,029      3,947      3,902      3,844      3,969      3,875        920 San Joaquin County                
5  06079      17,104      1,976      1,954      1,935      1,933      1,806      1,861      1,752      1,761      1,714        412 San Luis Obispo County            
5  06081      45,441      5,052      4,845      5,012      4,952      5,045      4,778      4,955      4,893      4,774      1,135 San Mateo County                  
5  06083      25,612      2,809      2,811      2,765      2,746      2,921      2,873      2,742      2,726      2,612        607 Santa Barbara County              
5  06085      79,991      9,117      8,858      8,970      8,865      8,553      8,704      8,420      8,225      8,278      2,001 Santa Clara County                
5  06087      15,587      1,692      1,645      1,667      1,774      1,699      1,691      1,694      1,645      1,666        414 Santa Cruz County                 
5  06089      14,308      1,684      1,667      1,665      1,582      1,521      1,592      1,481      1,422      1,398        296 Shasta County                     
5  06091         271         28         34         28         26         33         32         23         30         30          7 Sierra County                     
5  06093       4,458        509        498        500        555        482        469        478        447        409        111 Siskiyou County                   
5  06095      20,818      2,381      2,310      2,362      2,345      2,322      2,102      2,223      2,197      2,071        505 Solano County                     
5  06097      32,871      3,842      3,746      3,772      3,606      3,445      3,488      3,439      3,461      3,258        814 Sonoma County                     
5  06099      28,402      3,304      3,239      3,234      3,217      3,128      3,020      2,907      2,924      2,822        607 Stanislaus County                 
5  06101       5,423        632        598        633        617        568        607        534        541        561        132 Sutter County                     
5  06103       5,279        571        554        563        614        580        547        591        582        548        129 Tehama County                     
5  06105       1,328        166        157        164        132        143        145        156        116        126         23 Trinity County                    
5  06107      23,528      2,598      2,606      2,565      2,607      2,647      2,479      2,445      2,477      2,523        581 Tulare County                     
5  06109       4,417        483        500        477        525        506        509        432        434        437        114 Tuolumne County                   
5  06111      38,503      4,350      4,497      4,278      4,318      4,065      4,229      3,972      3,925      3,926        943 Ventura County                    
5  06113       9,323      1,055      1,005      1,037      1,045      1,019      1,009        980        966        979        228 Yolo County                       
5  06115       4,544        501        489        493        426        528        504        522        500        482         99 Yuba County                       
 
                                                                                                                                                                                                        
 
Block 6: Net International Migration

6  06      2,280,354    248,490    258,572    274,728    228,609    216,954    243,823    275,299    258,605    217,159     58,115 California                        
6  06001      95,360     11,592     12,207     13,129     10,500      8,845      8,504     10,354      9,183      8,832      2,214 Alameda County                    
6  06003           7          0          0         -1          2          1          0          3          2          0          0 Alpine County                     
6  06005         155         12         23         40         17          7         18         22          4         13         -1 Amador County                     
6  06007       2,871        358        383        438        277        297        330        274        254        211         49 Butte County                      
6  06009          83          7          3         17         15          6         20          4          7          4          0 Calaveras County                  
6  06011       2,301        346        380        366        317        235        230        151        119        124         33 Colusa County                     
6  06013      39,667      4,833      5,108      5,832      4,400      3,853      3,617      4,131      3,614      3,388        891 Contra Costa County               
6  06015         210         27         32         35         12         26          4         21         23         29          1 Del Norte County                  
6  06017       2,778        339        331        425        397        308        251        251        220        205         51 El Dorado County                  
6  06019      45,067      4,745      4,957      5,656      4,525      4,501      6,557      5,395      4,493      3,331        907 Fresno County                     
6  06021       1,195        200        208        230        126         82        106         76         79         75         13 Glenn County                      
6  06023         706         98         82        140         43         75         78         62         69         52          7 Humboldt County                   
6  06025      19,089      2,092      2,128      2,427      2,553      1,858      1,558      1,810      2,130      1,935        598 Imperial County                   
6  06027         296         32         45         36         16         22         41         35         29         31          9 Inyo County                       
6  06029      26,709      3,263      3,332      3,194      2,862      2,558      3,837      2,855      2,409      1,908        491 Kern County                       
6  06031       5,217        673        619        672        547        502        740        592        439        340         93 Kings County                      
6  06033         848        128        134        154        116         89         71         49         34         57         16 Lake County                       
6  06035         188         17         49         22         22         32         15         15         13          5         -2 Lassen County                     
6  06037     902,097     91,745     96,379    100,370     82,219     81,290     97,389    118,883    114,225     93,639     25,958 Los Angeles County                
6  06039       5,006        666        681        623        569        399        728        584        369        310         77 Madera County                     
6  06041       9,623      1,099      1,084      1,294      1,001      1,000      1,022      1,171        918        866        168 Marin County                      
6  06043          71         10          5         17          1          5         12          6          8          8         -1 Mariposa County                   
6  06045       2,648        379        431        454        287        258        232        222        172        176         37 Mendocino County                  
6  06047      12,216      1,360      1,483      1,567      1,212      1,270      1,574      1,344      1,142      1,030        234 Merced County                     
6  06049          91         16         10         14         12          7          8          3          9         13         -1 Modoc County                      
6  06051         515         54         73         51         46         55         64         69         49         48          6 Mono County                       
6  06053      26,679      3,324      3,362      3,195      2,872      2,837      3,466      3,072      2,202      1,853        496 Monterey County                   
6  06055       5,625        925        907        945        760        554        548        350        358        227         51 Napa County                       
6  06057         370         46         64         79         66         32         31         26         12         12          2 Nevada County                     
6  06059     233,168     25,886     26,297     26,896     23,457     24,055     23,961     27,709     27,017     21,881      6,009 Orange County                     
6  06061       2,681        403        404        376        364        248        248        255        197        166         20 Placer County                     
6  06063         124         22         19         17          6         14          4          6         19         14          3 Plumas County                     
6  06065      58,673      7,334      7,874      8,070      5,866      5,358      6,224      6,089      5,671      4,903      1,284 Riverside County                  
6  06067      45,545      4,404      4,721      5,830      5,729      5,030      4,956      5,605      4,967      3,439        864 Sacramento County                 
6  06069       2,467        365        386        378        267        238        270        244        174        109         36 San Benito County                 
6  06071      60,365      7,318      7,591      7,647      5,917      5,608      6,373      7,098      6,222      5,236      1,355 San Bernardino County             
6  06073     164,016     17,135     16,984     20,431     18,195     16,181     17,045     18,730     18,641     16,349      4,325 San Diego County                  
6  06075      95,669      9,214      9,551     10,638      9,379      9,657      9,834     12,195     11,280     11,146      2,775 San Francisco County              
6  06077      25,985      2,696      2,880      3,264      3,022      2,793      2,781      2,630      2,664      2,604        651 San Joaquin County                
6  06079       3,949        466        487        465        393        413        556        429        383        280         77 San Luis Obispo County            
6  06081      59,982      6,886      7,396      8,374      6,780      5,755      5,620      6,354      5,818      5,708      1,291 San Mateo County                  
6  06083      22,797      2,944      2,960      2,781      2,430      2,334      2,864      2,388      1,988      1,602        506 Santa Barbara County              
6  06085     159,055     17,375     17,942     19,158     16,464     15,131     16,244     19,468     18,611     14,810      3,852 Santa Clara County                
6  06087      13,444      1,901      1,948      1,668      1,401      1,432      1,692      1,412      1,031        770        189 Santa Cruz County                 
6  06089         650         17         34         85         34         97         81         95         81         96         30 Shasta County                     
6  06091          15          0          1         -1          1          3          5          1          2          2          1 Sierra County                     
6  06093         426         85         82         81         28         36         29         18         34         26          7 Siskiyou County                   
6  06095      14,447      1,600      1,625      1,934      1,426      1,460      1,485      1,807      1,368      1,329        413 Solano County                     
6  06097      13,354      2,068      2,092      2,100      1,550      1,135      1,339      1,152        909        816        193 Sonoma County                     
6  06099      19,105      2,792      3,017      3,048      2,072      1,781      1,682      1,572      1,515      1,306        320 Stanislaus County                 
6  06101       5,089        667        645        600        663        493        583        533        373        435         97 Sutter County                     
6  06103         886        175        174        192         95         66         49         37         47         44          7 Tehama County                     
6  06105          10         -1         -3         -3          6          7         -4          3          0          3          2 Trinity County                    
6  06107      20,302      2,547      2,708      2,792      2,097      1,906      2,639      2,123      1,658      1,462        370 Tulare County                     
6  06109         307         46         49         59         48         18         20         29         17         16          5 Tuolumne County                   
6  06111      39,072      4,471      4,789      4,846      3,830      3,571      5,060      4,294      4,275      3,092        844 Ventura County                    
6  06113       8,985      1,086      1,239      1,299      1,102        845        891        933        815        622        153 Yolo County                       
6  06115       2,098        202        180        282        195        285        241        260        243        171         39 Yuba County                       
 
                                                                                                                                                                                                        
 
Block 7: Net Federal Movement

7  06         87,616       -424      3,530      6,340       -523      7,435     14,406     21,411     30,625      8,155     -3,339 California                        
7  06001       4,061        -16        155        288        -20        340        666        995      1,428        372       -147 Alameda County                    
7  06003           0          0          0          0          0          0          0          0          0          0          0 Alpine County                     
7  06005           3          0          0          0          0          0          1          1          1          0          0 Amador County                     
7  06007          32          0          1          2          0          3          5          8         11          3         -1 Butte County                      
7  06009           0          0          0          0          0          0          0          0          0          0          0 Calaveras County                  
7  06011           0          0          0          0          0          0          0          0          0          0          0 Colusa County                     
7  06013         915         -4         35         65         -5         76        150        225        322         84        -33 Contra Costa County               
7  06015           7          0          0          0          0          1          1          2          2          1          0 Del Norte County                  
7  06017          14          0          1          1          0          1          2          4          5          1         -1 El Dorado County                  
7  06019         238         -1          9         17         -1         20         39         58         84         22         -9 Fresno County                     
7  06021           1          0          0          0          0          0          0          0          1          0          0 Glenn County                      
7  06023         237         -1          9         17         -1         20         39         58         83         22         -9 Humboldt County                   
7  06025         153         -1          6         11         -1         13         25         38         54         14         -6 Imperial County                   
7  06027           1          0          0          0          0          0          0          0          1          0          0 Inyo County                       
7  06029       1,233         -5         47         87         -6        103        203        302        434        113        -45 Kern County                       
7  06031       1,483         -6         56        105         -8        124        244        364        522        136        -54 Kings County                      
7  06033          13          0          0          1          0          1          2          3          5          1          0 Lake County                       
7  06035         129         -1          5          9         -1         11         21         32         46         12         -5 Lassen County                     
7  06037       6,829       -105        458        614       -123        666      1,159      1,609      2,214        747       -410 Los Angeles County                
7  06039          12          0          0          1          0          1          2          3          4          1          0 Madera County                     
7  06041         542         -2         21         38         -3         45         89        133        191         50        -20 Marin County                      
7  06043           0          0          0          0          0          0          0          0          0          0          0 Mariposa County                   
7  06045          35          0          1          2          0          3          6          9         12          3         -1 Mendocino County                  
7  06047       1,373         -6         52         97         -7        115        225        337        484        126        -50 Merced County                     
7  06049          10          0          0          1          0          1          2          2          3          1          0 Modoc County                      
7  06051          48          0          2          3          0          4          8         12         17          4         -2 Mono County                       
7  06053       7,091        -28        270        503        -35        594      1,163      1,738      2,493        650       -257 Monterey County                   
7  06055          48          0          2          3          0          4          8         12         17          4         -2 Napa County                       
7  06057          24          0          1          2          0          2          4          6          8          2         -1 Nevada County                     
7  06059       3,921        -15        149        278        -19        328        643        961      1,379        359       -142 Orange County                     
7  06061         123         -1          5          9         -1         10         20         31         44         11         -5 Placer County                     
7  06063           2          0          0          0          0          0          0          1          1          0          0 Plumas County                     
7  06065       1,985         -8         76        141        -10        167        325        487        697        182        -72 Riverside County                  
7  06067       2,391        -10         91        170        -11        201        392        586        840        219        -87 Sacramento County                 
7  06069           4          0          0          0          0          0          1          1          2          0          0 San Benito County                 
7  06071       6,807        -27        259        483        -34        570      1,116      1,668      2,394        625       -247 San Bernardino County             
7  06073      35,734       -141      1,360      2,535       -176      2,995      5,858      8,755     12,563      3,278     -1,293 San Diego County                  
7  06075       1,531         -6         58        108         -8        129        251        375        539        141        -56 San Francisco County              
7  06077         200         -1          8         14         -1         17         33         49         70         18         -7 San Joaquin County                
7  06079         105          0          4          7         -1          9         17         26         37         10         -4 San Luis Obispo County            
7  06081         212         -1          8         15         -1         18         35         52         75         19         -8 San Mateo County                  
7  06083       1,244         -5         47         88         -6        104        204        305        438        114        -45 Santa Barbara County              
7  06085       1,746         -7         66        124         -9        147        286        428        614        160        -63 Santa Clara County                
7  06087          98          0          4          7          0          8         16         24         34          9         -4 Santa Cruz County                 
7  06089          17          0          1          1          0          1          3          4          6          2         -1 Shasta County                     
7  06091           0          0          0          0          0          0          0          0          0          0          0 Sierra County                     
7  06093           2          0          0          0          0          0          0          1          1          0          0 Siskiyou County                   
7  06095       3,513        -13        134        249        -17        294        575        861      1,235        322       -127 Solano County                     
7  06097         349         -1         13         25         -2         29         57         86        123         32        -13 Sonoma County                     
7  06099         102          0          4          7         -1          9         17         25         36          9         -4 Stanislaus County                 
7  06101         139         -1          5         10         -1         12         23         34         49         13         -5 Sutter County                     
7  06103           3          0          0          0          0          0          1          1          1          0          0 Tehama County                     
7  06105           0          0          0          0          0          0          0          0          0          0          0 Trinity County                    
7  06107          86          0          3          6          0          7         14         21         30          8         -3 Tulare County                     
7  06109           5          0          0          0          0          0          1          1          2          1          0 Tuolumne County                   
7  06111       1,774         -7         67        126         -9        149        291        434        624        163        -64 Ventura County                    
7  06113          57          0          2          4          0          5          9         14         20          5         -2 Yolo County                       
7  06115         934         -4         35         66         -5         78        154        229        329         86        -34 Yuba County                       
 
                                                                                                                                                                                                        
 
Block 8: Net Domestic Migration

8  06     -2,170,790    -80,952    -92,389   -150,831   -255,692   -384,082   -433,991   -388,524   -214,679   -151,242    -18,408 California                        
8  06001     -92,879     -3,309      2,040     -3,892     -8,972    -16,122    -18,796    -17,138    -10,129    -12,520     -4,041 Alameda County                    
8  06003          -5        -33        -19        -29          7         36         -3         27        -23         41         -9 Alpine County                     
8  06005       4,472        791         63        248        300        358        455        448        645        931        233 Amador County                     
8  06007       6,853        442        838        312       -990         61        359      1,043      1,095      2,595      1,098 Butte County                      
8  06009       7,990        461        560        705        753        566      1,138        740      1,158      1,436        473 Calaveras County                  
8  06011      -1,238       -240       -381       -121        -93        -80       -114       -152        -36        -21          0 Colusa County                     
8  06013      31,115      5,011      7,767      6,590      1,779       -318       -923      1,320      4,908      2,610      2,371 Contra Costa County               
8  06015       1,758       -654       -283        208         44       -461        165         57        595      1,556        531 Del Norte County                  
8  06017      25,329      2,036      2,598      2,439      2,056      2,163      2,152      3,205      2,847      4,101      1,732 El Dorado County                  
8  06019     -41,885     -5,816     -9,665     -8,002     -4,730     -7,802     -6,743     -2,487       -225      2,921        664 Fresno County                     
8  06021      -1,618       -251       -472       -339       -218        -37       -150       -156          4        -30         31 Glenn County                      
8  06023      -2,733     -1,245       -876       -317       -753        783     -1,376        -37        478        345        265 Humboldt County                   
8  06025        -152     -2,136     -2,164     -2,866     -2,834       -491     -1,916      3,248      5,606      2,822        579 Imperial County                   
8  06027        -626       -119       -199        -86        -77        -55         57        -83         -7        -25        -32 Inyo County                       
8  06029      -1,824      1,090     -3,207     -3,704     -4,728     -6,406     -1,408       -523      5,369      9,661      2,032 Kern County                       
8  06031         725      2,368      2,177     -1,306       -725       -198       -317     -1,208       -413        218        129 Kings County                      
8  06033       5,254        424        290       -205        -19         36        538      1,006      1,044      1,716        424 Lake County                       
8  06035       3,843       -389       -319      1,983      2,780         66       -325         85       -246        176         32 Lassen County                     
8  06037  -1,560,687    -88,140   -101,963   -138,461   -168,392   -220,889   -236,157   -208,437   -167,820   -181,486    -48,942 Los Angeles County                
8  06039      12,673        345        211        765      1,574       -149        643      2,130      2,075      4,122        957 Madera County                     
8  06041     -11,539     -1,332         26         -9     -3,247     -2,633     -1,682     -1,299       -830       -119       -414 Marin County                      
8  06043       1,204       -149        232       -261        206         95         99        163        333        397         89 Mariposa County                   
8  06045      -1,444       -148       -113       -276        -62        109       -313       -596       -478        142        291 Mendocino County                  
8  06047     -16,735        -14       -428     -1,050     -4,957     -7,483       -786     -1,755     -1,903      1,191        450 Merced County                     
8  06049        -610       -132       -264        -42         49       -140         67       -186         57          2        -21 Modoc County                      
8  06051        -895         67       -251       -130       -215       -225        136        138        -58       -435         78 Mono County                       
8  06053     -62,572     -2,414       -134      3,450     -3,090     -7,944    -28,976    -13,812     -5,741     -3,557       -354 Monterey County                   
8  06055       2,411        373        534        409        225       -417         78       -275      1,072         80        332 Napa County                       
8  06057      12,522        881      1,123      1,336      1,378      1,367      1,309        940      1,550      2,078        560 Nevada County                     
8  06059    -196,018    -18,912      1,568        830    -21,813    -27,339    -30,873    -34,065    -26,643    -30,419     -8,352 Orange County                     
8  06061      53,018      8,552      7,365      5,647      5,958      6,147      5,016      3,740      3,916      4,531      2,146 Placer County                     
8  06063         828         71        -15         84        -38        -16       -207        163        472        259         55 Plumas County                     
8  06065     175,275     30,615     20,984     12,929      5,171     10,209     12,914     10,456     20,408     34,037     17,552 Riverside County                  
8  06067     -22,422      5,273      1,003     -3,252     -2,254     -6,852    -14,939    -12,875     -6,429     13,279      4,624 Sacramento County                 
8  06069       6,948      1,264      1,304      1,514      1,070        730        507        436        257       -103        -31 San Benito County                 
8  06071      -3,148      9,002      1,481     -5,901     -5,786    -10,112    -20,569    -16,845      9,458     25,231     10,893 San Bernardino County             
8  06073    -135,823     13,993      1,742        518    -11,902    -32,562    -34,959    -49,716    -16,263    -10,500      3,826 San Diego County                  
8  06075     -84,427     -9,353     -5,933     -6,208     -5,289     -9,184    -11,536    -11,127    -11,074    -10,075     -4,648 San Francisco County              
8  06077       9,385      6,316      2,317        606        175     -1,020     -1,169     -1,538        657      1,533      1,508 San Joaquin County                
8  06079       8,728      1,902      1,693      1,802      1,952      1,147        903       -575       -146       -475        525 San Luis Obispo County            
8  06081     -55,359    -10,911     -6,871     -2,987     -4,032     -5,943     -5,779     -5,193     -4,329     -6,916     -2,398 San Mateo County                  
8  06083     -33,800     -4,186     -3,214     -1,237     -4,743     -5,859     -3,199     -4,830     -3,796     -2,017       -719 Santa Barbara County              
8  06085    -175,929    -29,426    -14,896     -8,614     -6,482    -15,798    -23,417    -22,541    -22,375    -23,283     -9,097 Santa Clara County                
8  06087     -16,599     -1,614        620       -250     -2,175     -2,555     -2,285     -1,921     -1,495     -3,726     -1,198 Santa Cruz County                 
8  06089      11,987        118      1,225        858        332        286        589        443      2,452      4,431      1,253 Shasta County                     
8  06091         113        -31         27        -13         29         58         -7         63        -25         10          2 Sierra County                     
8  06093        -252       -514       -255        140       -129        266        109       -186        124         76        117 Siskiyou County                   
8  06095      -5,478      4,296        880       -641     -2,593     -6,470     -4,699     -2,279     -1,840      5,364      2,504 Solano County                     
8  06097      19,962      2,671      3,663      3,376      1,458      1,474        240        752      2,371      2,903      1,054 Sonoma County                     
8  06099       8,559      3,573        928       -821     -1,411     -2,070     -1,901        743      2,224      4,324      2,970 Stanislaus County                 
8  06101       3,390        237       -606         -6       -179        523        817        283        908      1,240        173 Sutter County                     
8  06103       2,339       -230        -41       -319        -57        589        548         69        704        898        178 Tehama County                     
8  06105          -6        -69        -66       -180        -46        -30        304         53         50          9        -31 Trinity County                    
8  06107     -16,414     -2,921     -2,762     -3,733     -4,656     -4,700     -1,728       -443      1,258      2,823        448 Tulare County                     
8  06109       5,013        709        685        138        581       -249        489        823        315      1,154        368 Tuolumne County                   
8  06111     -35,533      1,742     -1,464       -891     -4,299     -6,358     -4,288     -6,644     -4,987     -6,304     -2,040 Ventura County                    
8  06113      -5,674        204       -482         34       -520       -437     -1,365     -1,541     -1,685       -169        287 Yolo County                       
8  06115      -8,160     -1,091       -990     -1,603     -1,063     -1,747       -718       -635        -93       -305         85 Yuba County                       
 
                                                                                                                                                                                                        
 
Block 9: Residual

9  06        -51,700     -1,224     -4,268     -2,478     -4,732     -1,785    -10,502     -9,443    -11,170     -7,793      1,695 California                        
9  06001      -4,649       -472       -396       -262       -513       -436       -665       -653       -617       -859        224 Alameda County                    
9  06003           1          0          0          2         -1          1          0          0          0          0         -1 Alpine County                     
9  06005         -58         20        -10         -5         -4         -1        -13        -14        -23          2        -10 Amador County                     
9  06007        -642        -75        -41        -37        -55        -97        -56        -74       -115       -124         32 Butte County                      
9  06009         -58         11          1          4         -5         -4        -24        -20        -30        -13         22 Calaveras County                  
9  06011         -49          2          3         -1        -11        -13         -5         -7         -7        -10          0 Colusa County                     
9  06013      -2,208       -183        -54        -66       -347       -366       -166       -198       -411       -452         35 Contra Costa County               
9  06015          -8         21          2         -3         -8         -4         -8         -8        -17         67        -50 Del Norte County                  
9  06017        -207         44         21         10        -21        -30        -65        -88        -94        -40         56 El Dorado County                  
9  06019      -1,487        -71         57          3       -189       -104       -272       -217       -301       -328        -65 Fresno County                     
9  06021         -95          0         -2         -1        -18        -21        -14        -10        -13        -15         -1 Glenn County                      
9  06023        -293          3         -5        -17        -37        -34        -38        -33        -59        -84         11 Humboldt County                   
9  06025        -236         33         16         21         14        -53        -63        -77       -107        -49         29 Imperial County                   
9  06027        -110         -1         -5         -6        -16        -21        -15        -22        -11        -14          1 Inyo County                       
9  06029      -1,422       -228        -80        -43       -155       -130       -154       -146       -295        197       -388 Kern County                       
9  06031        -141         63         25          7        -26        -46        -25        -42        -42        162       -217 Kings County                      
9  06033        -238         -5         -9        -11        -43        -46        -42        -26        -43        -30         17 Lake County                       
9  06035         -19          6         -5         27         55        -29        -22        -31        -10          9        -19 Lassen County                     
9  06037       5,896       -102        140        644      2,307      3,530     -1,922       -870         -4      1,721        452 Los Angeles County                
9  06039        -395        -41        -35        -20        -63        -68        -54        -57        -59        437       -435 Madera County                     
9  06041        -633        -48        -73        -48         -3        -42        -75        -78       -115       -181         30 Marin County                      
9  06043         -41         -1          2          2         -1        -10        -15         -9         -9         -6          6 Mariposa County                   
9  06045        -309        -34        -23        -17        -43        -45        -29        -31        -44        -45          2 Mendocino County                  
9  06047        -314        -85        -45        -16         42        125        -85        -71        -91        -32        -56 Merced County                     
9  06049         -42          1          4         -2         -6         -5        -13        -12         -5        -12          8 Modoc County                      
9  06051         -28          0          3         -1         -4         -6         -8        -11         -4         -2          5 Mono County                       
9  06053      -1,259        -61       -121        -23        -51         47       -435       -206       -214       -184        -11 Monterey County                   
9  06055        -541        -47        -47        -31       -110        -48        -60        -61        -63        -74          0 Napa County                       
9  06057        -162         22         -4         -1        -22          4        -40        -38        -61        -43         21 Nevada County                     
9  06059      -6,658       -247       -874       -543       -545       -421       -881       -902     -1,237     -1,217        209 Orange County                     
9  06061        -257        298         18          4       -139       -122       -130        -86       -119        -71         90 Placer County                     
9  06063        -124          3         -8         -4        -26        -21        -12        -29        -15        -12          0 Plumas County                     
9  06065      -2,490        717        -52       -151       -627       -594       -599       -560       -782       -394        552 Riverside County                  
9  06067      -3,159       -285       -328       -148       -364       -297       -401       -407       -519       -388        -22 Sacramento County                 
9  06069          -2         41         21         14          4         -1        -24        -16        -19        -20         -2 San Benito County                 
9  06071      -3,802       -285       -415       -147       -486       -414       -548       -596       -693       -812        594 San Bernardino County             
9  06073      -7,853       -655       -750       -591       -858       -212       -952     -1,108     -1,278     -1,239       -210 San Diego County                  
9  06075      -1,965         60       -101        -94       -299        -95       -370       -330       -452       -533        249 San Francisco County              
9  06077      -1,313         42        -95        -90       -211       -206       -121       -151       -222       -271         12 San Joaquin County                
9  06079        -620        -28        -24        -27        -81        -71        -61        -82       -115       -137          6 San Luis Obispo County            
9  06081      -1,907        180       -129       -161       -309       -277       -282       -281       -335       -352         39 San Mateo County                  
9  06083        -794          8        -30        -57        -33         10       -135       -125       -215       -192        -25 Santa Barbara County              
9  06085      -3,095        652       -180       -199       -550       -281       -668       -621       -804       -787        343 Santa Clara County                
9  06087        -619        -34        -55        -41        -55        -71        -78        -94       -115        -56        -20 Santa Cruz County                 
9  06089        -454        -63        -29        -29        -49        -70        -49        -41       -101        -62         39 Shasta County                     
9  06091         -15          1         -1         -2         -3          0         -3         -2         -2         -2         -1 Sierra County                     
9  06093        -171          2        -10         -7        -25        -34        -20        -30        -24        -25          2 Siskiyou County                   
9  06095        -610         40       -106        -50        -57         12       -126       -101       -156        -82         16 Solano County                     
9  06097      -1,267        -81        -58        -48       -215       -180       -131       -132       -209       -140        -73 Sonoma County                     
9  06099        -929        -28       -128        -62       -115       -124        -96       -103       -191       -201        119 Stanislaus County                 
9  06101        -234        -25         -8        -16        -35        -29        -26        -22        -40        -28         -5 Sutter County                     
9  06103        -194        -16        -18         -9        -22        -10        -30        -24        -37        -29          1 Tehama County                     
9  06105         -59         -3         -5          1        -12         -6         -7        -10         -7         -7         -3 Trinity County                    
9  06107        -680        -22        -25          3        -30        -64        -92       -113       -157       -174         -6 Tulare County                     
9  06109        -154         20         -1         -7         -9        -39        -21        -46        -31         -7        -13 Tuolumne County                   
9  06111      -1,971       -253       -172       -117       -194       -175       -185       -231       -331       -406         93 Ventura County                    
9  06113        -517        -61        -29        -28        -47        -61        -43        -69        -76        -83        -20 Yolo County                       
9  06115         -40         26          5         19         -6         20        -28        -21        -24        -64         33 Yuba County                       
 
                                                                                                                                                                                                        
 
Block 10: Group Quarters Population

10 06        772,869    767,706    765,206    758,794    748,254    754,523    753,701    762,517    761,771    753,076 California                        
10 06001      32,746     32,374     33,316     36,671     36,260     36,121     35,555     35,805     33,734     34,466 Alameda County                    
10 06003           1          1          1          1          1          1          1          1          1          1 Alpine County                     
10 06005       4,586      4,406      4,696      4,677      4,575      4,593      4,627      4,650      4,796      4,724 Amador County                     
10 06007       4,875      4,870      4,821      4,808      4,782      4,600      4,647      4,500      4,685      4,701 Butte County                      
10 06009         343        342        345        343        344        342        340        339        342        340 Calaveras County                  
10 06011         384        354        354        354        354        354        354        354        354        354 Colusa County                     
10 06013       8,937      9,268      9,651     10,523     10,565     11,292     10,456     11,346     10,240     10,165 Contra Costa County               
10 06015       2,956      3,339      3,257      3,063      3,167      3,579      3,322      3,333      2,791      2,503 Del Norte County                  
10 06017       1,260      1,261      1,252      1,257      1,254      1,251      1,240      1,257      1,255      1,253 El Dorado County                  
10 06019      17,238     17,356     17,094     16,533     13,638     12,672     12,804     12,651     12,835     12,591 Fresno County                     
10 06021         371        370        382        381        383        378        352        368        353        352 Glenn County                      
10 06023       3,498      3,617      3,776      3,735      3,494      3,268      3,541      3,513      3,402      3,456 Humboldt County                   
10 06025      10,823     11,043     10,970     10,593     10,274      7,887      6,267      5,176      2,348      2,375 Imperial County                   
10 06027         493        486        494        493        493        491        490        490        491        492 Inyo County                       
10 06029      29,822     27,102     25,532     24,454     23,908     23,693     22,514     20,101     17,409     15,592 Kern County                       
10 06031      19,214     15,705     12,624     13,174     13,495     13,990     13,633     13,181     13,087     12,218 Kings County                      
10 06033       1,036      1,026      1,031      1,036      1,036      1,037      1,045      1,049      1,043      1,040 Lake County                       
10 06035       8,814      8,854      8,757      6,850      4,775      4,851      4,894      4,609      4,990      4,915 Lassen County                     
10 06037     175,227    175,011    173,276    172,961    173,355    177,960    173,675    173,716    175,278    172,651 Los Angeles County                
10 06039       9,038      8,323      7,755      6,689      5,480      5,245      4,933      4,069      3,970      2,136 Madera County                     
10 06041       8,850      8,901      8,628      8,405      8,592      8,287      8,337      8,516      8,394      8,517 Marin County                      
10 06043         713        715        675        725        728        722        731        724        708        719 Mariposa County                   
10 06045       2,144      2,128      2,135      2,131      2,135      2,144      2,145      2,152      2,139      2,117 Mendocino County                  
10 06047       2,263      2,263      2,263      2,263      2,754      3,117      3,160      3,343      3,544      3,294 Merced County                     
10 06049         422        418        427        433        424        429        421        437        390        425 Modoc County                      
10 06051         220         25         25         96         96        212         85         79        125        131 Mono County                       
10 06053      19,142     19,034     17,302     12,743     12,711     13,816     18,582     20,034     21,091     21,097 Monterey County                   
10 06055       5,194      5,189      5,226      5,430      5,213      5,244      5,313      5,510      5,674      5,679 Napa County                       
10 06057       1,263      1,274      1,277      1,283      1,281      1,285      1,284      1,282      1,291      1,288 Nevada County                     
10 06059      35,591     37,966     37,896     37,613     37,090     38,214     37,332     37,618     37,157     37,226 Orange County                     
10 06061       2,344      2,344      2,344      2,344      2,344      2,344      2,344      2,344      2,344      2,344 Placer County                     
10 06063         132        132        132        132        132        132        132        132        132        132 Plumas County                     
10 06065      29,845     30,365     29,841     29,801     28,875     26,091     25,793     25,202     25,378     24,919 Riverside County                  
10 06067      20,829     20,954     20,825     21,624     21,287     21,731     21,985     21,947     23,076     22,331 Sacramento County                 
10 06069         686        686        686        686        686        686        686        686        686        686 San Benito County                 
10 06071      36,038     34,788     34,025     34,045     33,321     34,585     34,954     35,674     36,437     37,108 San Bernardino County             
10 06073      93,472     93,897    100,273     98,088     96,935     97,447     99,237    108,908    109,617    108,616 San Diego County                  
10 06075      22,861     22,892     22,867     23,051     23,515     22,673     23,455     23,395     23,978     24,499 San Francisco County              
10 06077      16,674     16,850     17,065     16,843     16,874     16,646     16,925     16,941     16,353     16,260 San Joaquin County                
10 06079      14,166     14,193     13,992     13,872     13,498     13,516     13,140     13,510     13,867     13,832 San Luis Obispo County            
10 06081      11,696     11,696     11,682     11,716     11,756     11,815     11,801     11,890     12,071     12,021 San Mateo County                  
10 06083      16,005     16,104     16,190     16,149     16,067     16,861     16,688     16,475     16,089     15,944 Santa Barbara County              
10 06085      32,658     32,206     31,484     31,836     31,952     32,335     32,972     33,497     33,876     34,263 Santa Clara County                
10 06087       8,054      7,870      7,597      7,484      7,494      7,515      7,625      7,757      7,784      7,587 Santa Cruz County                 
10 06089       2,728      2,711      2,730      2,728      2,729      2,731      2,702      2,724      2,723      2,719 Shasta County                     
10 06091          41         41         41         41         41         41         41         41         41         41 Sierra County                     
10 06093         655        651        650        653        644        651        644        650        649        643 Siskiyou County                   
10 06095      11,319     11,411     11,787     11,902     11,659     12,889     13,514     13,538     14,126     13,832 Solano County                     
10 06097       7,701      7,690      7,626      7,700      7,735      7,629      8,169      8,344      8,123      7,765 Sonoma County                     
10 06099       5,870      5,870      5,893      5,889      5,899      5,899      5,865      5,873      5,863      5,870 Stanislaus County                 
10 06101         968        963        969        959        966        948        946        958        897        877 Sutter County                     
10 06103         931        927        946        944        944        945        926        939        943        929 Tehama County                     
10 06105         258        240        259        258        256        253        232        244        252        245 Trinity County                    
10 06107       5,579      5,575      5,439      5,511      5,525      5,641      5,716      6,071      6,143      6,132 Tulare County                     
10 06109       4,917      4,810      4,562      4,651      4,213      4,504      4,416      4,017      4,377      4,290 Tuolumne County                   
10 06111      11,606     11,385     12,371     12,846     12,743     13,303     12,746     12,799     13,413     13,628 Ventura County                    
10 06113       5,876      5,811      5,859      5,589      5,738      5,950      6,066      5,951      6,828      6,829 Yolo County                       
10 06115       1,496      1,623      1,833      1,734      1,769      1,687      1,901      1,807      1,788      1,916 Yuba County                       
